       1E-10,        1E-10,            1,       0.5822,    4.163E-17,     1.11E-16,    7.633E-17,    1.249E-16,    1.665E-16,    1.457E-16,     1.18E-16,    8.327E-17,    6.939E-17,            0,            0,            0
    2.53E-08,     2.53E-08,       0.5822,            1,      0.09987,      0.06447,      0.05324,       0.1077,       0.1398,      0.08182,      0.08828,      0.06101,      0.04823,            0,            0,            0
       0.008,        0.008,    4.163E-17,      0.09987,            1,       0.0131,      0.01082,      0.02188,      0.02841,      0.01663,      0.01794,       0.0124,     0.009799,            0,            0,            0
        0.02,         0.02,     1.11E-16,      0.06447,       0.0131,            1,     0.006984,      0.01413,      0.01834,      0.01073,      0.01158,     0.008003,     0.006326,            0,            0,            0
        0.05,         0.05,    7.633E-17,      0.05324,      0.01082,     0.006984,            1,      0.01166,      0.01515,     0.008863,     0.009562,     0.006609,     0.005224,            0,            0,            0
         0.1,          0.1,    1.249E-16,       0.1077,      0.02188,      0.01413,      0.01166,            1,      0.03064,      0.01793,      0.01934,      0.01337,      0.01057,            0,            0,            0
        0.15,         0.15,    1.665E-16,       0.1398,      0.02841,      0.01834,      0.01515,      0.03064,            1,      0.02328,      0.02511,      0.01736,      0.01372,            0,            0,            0
         0.3,          0.3,    1.457E-16,      0.08182,      0.01663,      0.01073,     0.008863,      0.01793,      0.02328,            1,       0.0147,      0.01016,     0.008028,            0,            0,            0
         0.5,          0.5,     1.18E-16,      0.08828,      0.01794,      0.01158,     0.009562,      0.01934,      0.02511,       0.0147,            1,      0.01096,     0.008662,            0,            0,            0
         0.6,          0.6,    8.327E-17,      0.06101,       0.0124,     0.008003,     0.006609,      0.01337,      0.01736,      0.01016,      0.01096,            1,     0.005986,            0,            0,            0
         0.8,          0.8,    6.939E-17,      0.04823,     0.009799,     0.006326,     0.005224,      0.01057,      0.01372,     0.008028,     0.008662,     0.005986,            1,            0,            0,            0
           1,            1,            0,            0,            0,            0,            0,            0,            0,            0,            0,            0,            0,            1,       0.1101,      0.05703
           6,            6,            0,            0,            0,            0,            0,            0,            0,            0,            0,            0,            0,       0.1101,            1,      0.04709
          18,           18,            0,            0,            0,            0,            0,            0,            0,            0,            0,            0,            0,      0.05703,      0.04709,            1
